[board.jpg]
filters=Soften=1,49.122807,4.678363;
moddate=0000d178e0ce0000
width=960
height=350
textactive=0
[board.1.jpg]
filters=Soften=1,50.292397,16.374269;
moddate=00009190e0ce0000
width=960
height=350
textactive=0
[board2.jpg]
filters=Soften=1,16.374269,0.000000;Soften=1,51.461990,50.000000;
moddate=0000000000000000
width=960
height=350
textactive=0
[board.2.jpg]
filters=crop64=1,256fffffb04d;
crop=rect64(256fffffb04d)
moddate=000023fe05cf0000
width=960
height=636
textactive=0
